0 0.5166666666666667 0.5833333333333334 0.3888888888888889 0.16666666666666666
0 0.37916666666666665 0.46041666666666664 0.11944444444444445 0.0625
0 0.3736111111111111 0.37083333333333335 0.06944444444444445 0.10833333333333334
0 0.31805555555555554 0.22916666666666666 0.08611111111111111 0.16666666666666666
0 0.3875 0.9208333333333333 0.08611111111111111 0.058333333333333334
0 0.5375 0.925 0.15833333333333333 0.058333333333333334
0 0.8194444444444444 0.4666666666666667 0.1 0.125
0 0.9472222222222222 0.33541666666666664 0.06111111111111111 0.0875
0 0.9458333333333333 0.175 0.03611111111111111 0.041666666666666664
0 0.8833333333333333 0.24791666666666667 0.03888888888888889 0.05416666666666667
0 0.8625 0.38333333333333336 0.025 0.041666666666666664
0 0.9847222222222223 0.74375 0.025 0.0625
0 0.6763888888888889 0.875 0.019444444444444445 0.05
0 0.6833333333333333 0.9375 0.03888888888888889 0.075
0 0.625 0.8229166666666666 0.022222222222222223 0.020833333333333332
0 0.7902777777777777 0.8083333333333333 0.008333333333333333 0.03333333333333333
0 0.6472222222222223 0.85 0.016666666666666666 0.025
0 0.28194444444444444 0.5520833333333334 0.013888888888888888 0.0125
0 0.30277777777777776 0.5625 0.011111111111111112 0.03333333333333333
0 0.9430555555555555 0.5666666666666667 0.04722222222222222 0.06666666666666667