0 0.32222222222222224 0.49375 0.11666666666666667 0.1375
0 0.49583333333333335 0.32708333333333334 0.041666666666666664 0.20416666666666666
0 0.5361111111111111 0.5666666666666667 0.2722222222222222 0.3
0 0.5027777777777778 0.7958333333333333 0.06666666666666667 0.10833333333333334
0 0.4375 0.8604166666666667 0.09722222222222222 0.12083333333333333
0 0.36666666666666664 0.6125 0.022222222222222223 0.05
0 0.7458333333333333 0.6416666666666667 0.04722222222222222 0.058333333333333334
0 0.7611111111111111 0.95 0.07222222222222222 0.05
0 0.5347222222222222 0.9229166666666667 0.03611111111111111 0.07083333333333333
0 0.5930555555555556 0.8 0.025 0.05
0 0.6125 0.8895833333333333 0.019444444444444445 0.04583333333333333
0 0.35555555555555557 0.76875 0.027777777777777776 0.07916666666666666
0 0.4041666666666667 0.7625 0.030555555555555555 0.025