0 0.17222222222222222 0.3770833333333333 0.2111111111111111 0.2791666666666667
0 0.5513888888888889 0.8125 0.3972222222222222 0.36666666666666664
0 0.30277777777777776 0.7041666666666667 0.06666666666666667 0.175
0 0.3402777777777778 0.44583333333333336 0.21388888888888888 0.175
0 0.3902777777777778 0.1125 0.175 0.225
0 0.3958333333333333 0.30625 0.06944444444444445 0.0875
0 0.9319444444444445 0.25416666666666665 0.11944444444444445 0.21666666666666667
0 0.7944444444444444 0.4666666666666667 0.17222222222222222 0.3333333333333333
0 0.5138888888888888 0.5125 0.08333333333333333 0.16666666666666666
0 0.6583333333333333 0.5583333333333333 0.1 0.13333333333333333
0 0.49444444444444446 0.32708333333333334 0.09444444444444444 0.12916666666666668
0 0.6416666666666667 0.1625 0.2111111111111111 0.325
0 0.8111111111111111 0.7979166666666667 0.022222222222222223 0.0375